Radius = 3.5:  Circumference = 21.991148575128552, Circle Area = 38.48451000647496
Radius = 2.0:  Circumference = 12.566370614359172, Circle Area = 12.566370614359172
Radius = 3.5:  Circumference = 21.991148575128552, Circle Area = 38.48451000647496
Radius = 55.0:  Circumference = 345.57519189487726, Circle Area = 9503.317777109125
